a=0.5;
v=0.5/2;